106.444 100.379 42.4634 -0.512099 0.192949 -0.828597 0.118124 
105.066 104.907 38.219 -0.444797 0.231065 -0.852192 -0.150113 
101.552 107.431 35.7252 -0.360414 -0.0906652 0.894446 0.248693 
98.4486 108.865 33.3648 -0.276781 0.334733 0.897306 -0.0786678 
96.8297 109.987 33.8126 -0.383438 0.552009 0.698893 0.24456 
94.0528 110.038 35.1872 0.597123 -0.676229 -0.397224 -0.168437 
93.9458 109.795 35.3195 0.614323 -0.661165 -0.420596 -0.0925594 
87.9002 103.555 32.6769 0.77758 -0.529631 0.13532 -0.310723 
86.8607 102.489 32.5942 0.776435 -0.571536 0.101155 -0.245483 
84.0211 100.078 32.9781 -0.655227 0.733381 0.112771 -0.141818 
79.8647 101.417 32.6025 -0.0206706 0.331527 0.727516 0.60032 
79.6488 102.173 32.4015 -0.00319381 0.394231 0.701954 0.593155 
78.2053 107.046 36.0503 0.307566 -0.0812522 0.614062 0.722308 
80.9338 108.161 39.0141 0.151683 -0.443914 0.783296 0.407897 
86.0951 117.547 38.2521 0.224422 0.172119 0.957141 0.0623839 
86.1422 119.595 39.0915 0.350835 0.199548 0.914163 -0.0374429 
85.5319 120.52 41.0628 -0.357182 -0.482207 -0.798782 0.0429566 

